%Voltage Data from experiment
voltage_obs=[4.11019134521484
4.11002826797071
4.11002826690674
4.11002826690674
4.11002826690674
4.11002826690674
4.11002826690674
4.11002826690674
4.11017380712766
4.11004608216794
4.11017130734322
4.10990588752946
4.11000791175235
4.11002826690674
4.11002826690674
4.11002826690674
4.11002826690674
4.11002826690674
4.10990026710827
4.11011619869700
4.11019134521484
4.11019134521484
4.11019134521484
4.11019134521484
4.11019134521484
4.10996539403856
4.11008957349269
4.11008087495328
4.11002826690674
4.11013372813884
4.11008680605938
4.11002826690674
4.11002826690674
4.11012871755697
4.11009339817596
4.11002826690674
4.11012370479410
4.11019134521484
4.11010094016553
4.11011617103477
4.11019134521484
4.11010713845962
4.11002826690674
4.11002826690674
4.11010868104940
4.11011343584370
4.11010366922509
4.11004555628716
4.10993557785733
4.11009615134647
4.11012596773549
4.10996539919156
4.10992554295593
4.11002826690674
4.11008360858648
4.11019134521484
4.11019134521484
4.11019134521484
4.11019134521484
4.11014869715471
4.11006923133295
4.11019134521484
4.11019134521484
4.11015603307949
4.11002826690674
4.11002826690674
4.11005604876027
4.11016607432203
4.11002826690674
4.11004853382120
4.11015580413720
4.10988044739294
4.11002826690674
4.11001801650721
4.10987293545727
4.11002826690674
4.11002826690674
4.11002826690674
4.11002826690674
4.11002826690674
4.11018405635456
4.11019134521484
4.10988981123617
4.11001345742724
4.11002826690674
4.11017152695715
4.11005060015664
4.11002826690674
4.11016399757438
4.11019134521484
4.11006062043536
4.11002826690674
4.11015398345818
4.11019134521484
4.11006875801110
4.11002826690674
4.11002826690674
4.11002826690674
4.11002826690674
4.11013894314870
4.11019134521484
4.11019134521484
4.11019134521484
4.11008660206997
4.11013141186465
4.11008912241479
4.11002826690674
4.11012642240285
4.11019134521484
4.11009569058965
4.11002826690674
4.11011889825584
4.11010321152331
4.11011390110910
4.11019134521484
4.11010821466280
4.11010889501070
4.11019134521484
4.11011573543671
4.11002826690674
4.11002826690674
4.11016424575613
4.11022295829415
4.11002826690674
4.11009135276111
4.11013076430711
4.11008634051676
4.11019134521484
4.11019134521484
4.11019134521484
4.11014329234926
4.11002826690674
4.11002826690674
4.11002826690674
4.11007111646059
4.11015083049386
4.11002826690674
4.11002826690674
4.11006379592580
4.11015844321654
4.11005829480677
4.11019134521484
4.11019134521484
4.11019134521484
4.11017086086823
4.11004625301289
4.11017586780014
4.11005417419165
4.11034352075835
4.11019134521484
4.11018588546785
4.11003122016891
4.11019046882271
4.10986930844224
4.11002370305330
4.11018427403908
4.11003784280974
4.11017925448626
4.11004286771762
4.11017423566710
4.11019134521484
4.11019134521484
4.11005287920526
4.11002826690674
4.11002826690674
4.11015921394388
4.11006290515870
4.11002826690674
4.11015168935432
4.11031191359514
4.11011747407621
4.11014417552610
4.11019134521484
4.11007618074543
4.11002826690674
4.11002826690674
4.11014088556304
4.11019134521484
4.11008125699647
4.11002826690674
4.11013414544458
4.11019134521484
4.11019134521484
4.11019134521484
4.11009295912440
4.11012414652267
4.11019134521484
4.11019134521484
4.11010300144219
4.11011411652635
4.11019134521484
4.11027320669525
4.11019249787431
4.11002826690674
4.11002826690674
4.11002826690674
4.11009909124277
4.11012302896967
4.11002826690674
4.11009157006645
4.11006786555949
4.10998677253543
4.11019134521484
4.11013305515970
4.11008492838359
4.11019134521484
4.11019134521484
4.11013977089671
4.11002826690674
4.11007655030266
4.11019134521484
4.11014824777451
4.11002826690674
4.11006902617873
4.11019134521484
4.11015559326689
4.11002826690674
4.11002826690674
4.11005650309297
4.11019134521484
4.11016813811672
4.11002826690674
4.11004647815025
4.11017564005629
4.11004146587971
4.11019134521484
4.11018315777857
4.11002826690674
4.11003144462030
4.11019068013229
4.11003010071015
4.11002826690674
4.11018447712911
4.11003761990165
4.11002826690674
4.11017698037380
4.11019134521484
4.11019134521484
4.11005014818705
4.11030954683102
4.11021566193777
4.11005303372958
4.11002826690674
4.11016193441581
4.11019134521484
4.11006267796833
4.11002826690674
4.11015192305272
4.11007019395164
4.11014691254937
4.11019134521484
4.11019134521484
4.11019134521484
4.11019134521484
4.11008523122727
4.11002826690674
4.11002826690674
4.11012937558854
4.11019134521484
4.11019134521484
4.11009775510847
4.11011932988402
4.11019134521484
4.11010527724513
4.11011182761115
4.11019134521484
4.11019134521484
4.11026716942815
4.11028062068678
4.11019134521484
4.11019134521484
4.11012281250235
4.11016218060808
4.11028811479577
4.11019134521484
4.11019134521484
4.11019134521484
4.11013533853588
4.11008176249125
4.11019134521484
4.11014285574418
4.11007417759766
4.11019134521484
4.11019134521484
4.11019134521484
4.11015538821582
4.11009506466640
4.11032309763161
4.11016290568470
4.11005419338298
4.11019134521484
4.11019134521484
4.11019134521484
4.11019134521484
4.11019134521484
4.11017292977387
4.11004418724310
4.11017793592069
4.11003917533613
4.11019134521484
4.06850007242692
4.06406983943533
4.06209840476603
4.06030291748652
4.05882718393238
4.05738278627529
4.05606456919459
4.05476128587110
4.05376238395218
4.05249993678342
4.05148301363668
4.05065994105995
4.04970580346585
4.04874114486434
4.04791458055685
4.04724606136906
4.04634194399302
4.04537906572601
4.04466086106001
4.04401694544040
4.04325163274175
4.04244947942038
4.04176583311405
4.04124027225540
4.04041795941547
4.03967078718709
4.03902586975593
4.03860127336427
4.03806796392403
4.03742614057836
4.03678456004478
4.03614290240480
4.03550107775652
4.03495274824118
4.03438035947330
4.03382719587123
4.03334573008390
4.03286448002648
4.03238321528900
4.03174456798748
4.03117078870158
4.03070272711801
4.03013207493779
4.02971716992709
4.02932467568710
4.02890940157729
4.02846110249730
4.02788073508684
4.02739968326954
4.02702923553786
4.02675229003210
4.02626614454320
4.02583835222025
4.02551736275791
4.02509938216249
4.02454840540748
4.02422404126536
4.02385939526008
4.02341915166263
4.02305955126394
4.02264991879268
4.02245168429297
4.02206335559040
4.02148375887629
4.02119161447749
4.02097768412821
4.02048893113173
4.02005351798794
4.01986934198332
4.01954826467066
4.01922755121957
4.01890643995674
4.01859928910402
4.01841664753569
4.01794394387561
4.01762324242001
4.01730201549019
4.01697644408822
4.01665525714693
4.01633458186742
4.01617256646254
4.01569926972017
4.01552573276520
4.01520930147125
4.01503947829756
4.01472981407581
4.01440909437875
4.01408358651584
4.01390635276990
4.01360424986656
4.01328350921359
4.01295818572159
4.01277324276670
4.01233834673636
4.01212391328169
4.01196341651392
4.01167379825296
4.01147956776237
4.01131910501357
4.01091581443973
4.01079130172730
4.01067045380583
4.01039052978848
4.01006948254101
4.00974868274621
4.00965070724487
4.00943269639390
4.00911193624036
4.00889489424864
4.00862993785967
4.00840861717468
4.00824650326899
4.00798626349895
4.00776028187204
4.00759871259130
4.00734444845439
4.00711496883810
4.00695439759381
4.00670763026062
4.00655460357666
4.00647315143540
4.00615124127576
4.00590276718140
4.00582632049726
4.00559203050313
4.00527115008450
4.00508785247803
4.00502142968983
4.00479714984935
4.00453791390444
4.00443601608276
4.00437979327123
4.00411175783318
4.00373294398088
4.00357270372862
4.00345849990845
4.00337074616692
4.00313234329224
4.00305481625736
4.00277032224067
4.00260987191972
4.00241894075704
